10
3
335
33
355
217
536
195
700
949
274
444
108
698
564
41
165
815
685
764
827
959
219
426
952
839
923
810
451
604
661
599
549
720
113
406
121
671
474
491
564
344
868
264
179
423
694
163
538
645
623
3
787
268
461
386
376
581
603
279
170
805
294
333
408
240
413
54
494
983
1
409
69
73
254
974
355
404
197
197
211
249
758
889
905
735
461
531
35
130
458
483
596
253
114
701
649
886
875
42
553
510
620
771
253
217
235
335
566
132
614
31
948
212
808
629
715
732
551
571
167
332
869
824
614
953
991
982
737
509
295
718
285
639
492
175
559
383
774
388
650
127
144
336
918
654
648
709
655
661
720
997
421
562
376
983
14
942
452
237
546
494
626
707
583
789
432
3
835
715
986
457
352
939
644
564
698
223
309
898
72
957
612
81
847
727
674
925
493
285
680
309
354
755
977
920
244
410
913
419
338
885
145
145
322
151
624
949
269
100
979
245
216
85
527
877
905
265
614
893
655
83
516
822
847
738
614
547
974
982
64
366
729
97
681
338
115
379
252
504
20
996
1
82
247
542
422
220
459
146
204
415
8
464
455
181
117
420
958
59
383
19
669
570
77
85
178
203
195
266
352
26
745
154
874
20
227
857
910
724
781
870
607
298
970
589
649
573
661
310
587
209
990
64
170
537
856
116
380
188
931
489
404
91
646
349
255
952
128
589
261
789
549
470
144
630
861
650
906
964
383
448
235
30
217
692
664
556
946
988
184
22
597
757
545
58
329
885
956
53
827
327
399
591
846
509
291
781
910
871
691
103
594
405
793
838
395
510
904
694
635
29
644
716
375
808
568
65
809
600
945
780
105
695
907
91
162
80
680
403
251
507
126
521
9
283
307
229
759
153
302
803
615
100
972
561
353
412
921
34
504
862
348
868
653
345
23
30
394
811
101
427
926
843
986
529
753
715
981
82
452
293
922
515
986
593
534
130
524
371
709
666
241
569
444
336
66
961
641
929
843
858
498
67
881
196
706
219
354
867
172
554
523
627
488
241
254
428
853
278
789
518
695
445
252
152
672
485
845
259
311
93
219
909
972
819
970
915
374
465
747
434
398
86
926
888
377
177
329
61
610
140
954
717
295
635
175
573
625
894
399
986
241
607
637
183
782
458
952
379
738
922
273
644
328
400
522
839
625
297
532
477
639
133
732
862
585
281
55
324
53
426
42
920
293
335
617
432
341
42
493
0
198
27
682
256
792
498
79
271
923
358
585
192
932
954
741
881
293
211
343
430
861
223
994
871
987
925
88
937
219
908
165
219
814
996
126
558
773
664
270
12
619
898
619
253
639
584
508
731
807
32
896
447
113
712
382
678
498
807
383
511
142
679
446
511
299
830
166
373
412
464
675
916
716
235
172
240
62
282
462
402
170
135
977
460
25
597
239
214
657
189
242
500
993
253
721
378
26
307
769
52
5
743
781
872
873
472
186
262
664
591
942
913
79
689
257
88
974
865
503
381
954
62
811
778
811
814
280
358
20
989
307
479
5
630
979
797
408
488
11
961
60
333
192
316
891
647
810
480
491
785
22
115
533
199
643
754
791
825
321
18
965
218
559
68
22
533
568
643
292
946
402
509
24
612
362
694
617
742
120
316
261
906
545
380
193
153
697
364
285
32
946
955
201
119
711
767
820
143
753
389
155
292
522
611
486
815
508
161
925
488
75
809
130
60
732
174
391
259
337
79
799
460
166
800
724
596
354
52
322
430
645
50
280
750
938
502
530
607
593
862
138
180
969
700
97
357
147
524
242
633
334
899
997
416
896
213
185
336
487
931
604
649
261
667
610
326
624
947
400
937
486
973
237
897
503
265
317
193
259
490
513
172
868
356
701
490
958
887
893
806
512
945
903
332
526
317
742
810
962
244
494
35
962
703
858
495
785
308
103
240
445
162
631
554
520
513
885
551
81
545
813
255
241
164
607
295
268
105
929
769
739
223
365
409
702
290
295
615
327
166
924
455
990
663
677
240
281
966
683
750
898
942
566
713
890
191
263
634
224
169
81
554
146
243
724
854
294
5
495
677
50
708
404
75
81
145
389
470
547
839
383
520
951
863
428
992
81
159
574
727
37
678
765
296
784
196
439
440
232
149
65
882
280
332
324
618
814
793
162
266
121
789
430
574
686
126
333
683
845
734
400
233
254
831
202
909
659
504
532
523
917
55
265
215
749
968
622
884
191
822
46
432
212
6
427
907
458
578
871
160
615
110
756
92
331
860
272
87
182
121
183
738
653
87
14
439
594
79
391
954
120
479
748
553
434
208
130
795
525
101
287
579
235
16
813
525
628
27
509
305
171
533
728
2
655
640
886
100
362
658
880
190
416
42
631
994
808
646
452
797
54
604
484
877
950
711
899
36
414
627
105
819
850
755
659
512
40
141
110
525
2
228
497
234
797
821
714
903
763
102
465
749
115
29
19
769
417
983
499
408
861
983
907
667
851
336
624
749
835
47
573
822
872
844
802
12
892
156
674
208
132
889
395
773
688
351
108
756
694
153
252
706
50
452
419
669
210
353
426
472
970
848
818
880
735
95
515
729
234
419
840
619
154
852
624
268
658
573
622
116
248
75
956
277
966
421
800
425
370
418
28
724
284
63
44
371
761
97
510
873
260
12
202
627
477
367
690
919
814
732
86
913
953
132
563
748
502
310
867
316
181
672
546
827
519
245
105
746
526
499
819
211
318
371
404
505
153
340
290
687
854
895
686
987
86
238
182
29
456
568
92
505
899
786
253
385
327
976
515
238
13
483
628
794
658
961
747
305
639
210
274
819
381
160
259
963
335
840
80
309
534
676
604
937
184
966
578
284
263
870
440
862
609
759
282
952
439
278
187
862
803
946
649
840
904
656
303
246
789
914
676
60
346
147
187
336
105
946
108
691
791
572
703
413
109
571
279
297
725
851
337
792
913
49
581
558
841
546
970
22
948
970
550
35
410
524
284
210
137
993
583
54
279
759
787
469
714
693
276
723
485
239
467
493
649
550
388
61
511
20
67
259
714
47
436
267
150
384
990
846
160
903
904
102
2
138
826
386
31
431
85
403
598
33
501
143
94
14
547
719
145
302
59
705
399
716
223
72
894
330
61
312
462
7
123
846
141
450
614
306
75
620
674
795
846
855
23
702
738
535
691
183
875
647
67
891
718
80
959
47
880
2
905
461
734
163
451
576
785
463
599
148
263
629
169
634
917
357
269
910
476
738
609
386
744
341
869
127
795
772
846
68
249
68
590
922
77
764
256
868
928
979
888
614
423
357
851
940
408
223
135
291
612
780
245
542
697
700
897
507
159
956
244
295
50
227
837
109
996
732
61
573
468
831
241
188
787
235
156
11
821
171
170
146
855
350
700
144
589
74
241
903
744
330
667
168
238
211
25
217
403
521
544
829
214
884
75
134
993
224
678
429
563
945
582
562
319
667
234
969
179
842
648
972
894
119
788
409
675
783
189
220
617
116
543
51
877
32
466
497
85
816
167
55
948
325
234
403
525
482
258
76
132
415
518
149
354
84
434
20
126
736
20
874
360
34
48
938
76
202
143
104
514
37
529
34
197
120
644
318
401
76
344
801
21
234
911
652
280
513
590
285
267
895
866
719
765
321
209
469
337
352
493
565
139
442
826
789
437
170
989
735
282
264
217
765
324
774
541
479
231
227
395
769
677
116
730
73
368
557
328
905
90
470
558
267
222
117
277
26
700
347
100
863
905
389
761
870
425
538
778
411
175
580
147
319
841
287
272
35
112
852
868
787
674
578
38
382
432
680
256
733
926
554
465
693
419
327
13
298
616
64
651
9
484
453
299
62
153
327
809
489
346
848
444
938
333
725
287
861
846
281
294
178
960
725
228
998
376
485
170
511
92
917
842
616
937
263
459
408
910
184
312
96
827
716
831
463
216
996
318
438
947
599
80
909
555
827
191
332
733
802
582
256
958
697
692
355
719
956
393
46
318
842
411
301
715
161
958
746
380
505
797
628
621
847
455
759
367
856
809
27
857
747
757
558
223
33
194
131
422
7
22
948
488
311
390
330
580
419
910
456
788
396
49
725
165
767
420
839
961
839
196
202
518
320
358
724
803
585
3
631
44
427
425
366
437
636
190
188
395
254
929
539
308
846
54
807
279
634
132
543
808
837
122
753
894
54
207
344
520
47
426
322
989
755
835
836
88
892
409
663
541
965
414
225
716
62
449
731
70
253
901
544
284
940
11
358
569
12
279
287
102
141
428
452
67
62
643
171
272
185
301
325
804
381
918
25
692
285
526
138
51
961
197
799
673
269
945
477
533
788
706
704
183
622
630
53
494
950
396
468
725
652
775
524
379
861
153
730
826
783
234
448
143
625
645
545
162
979
663
351
181
509
778
27
305
276
308
935
894
552
796
105
88
462
398
392
864
298
986
413
610
860
178
862
671
645
25
301
849
252
559
3
317
830
940
971
914
920
397
690
295
535
703
741
911
815
392
841
266
114
440
428
445
846
621
365
367
951
274
865
734
305
683
236
149
941
793
530
363
403
485
693
134
93
131
316
648
942
636
566
995
262
693
412
637
107
479
720
370
5
487
318
726
384
743
634
292
560
94
980
913
603
819
99
250
953
254
51
661
106
664
41
870
228
83
280
398
38
327
473
224
800
913
23
639
769
100
563
768
939
757
879
729
433
301
843
893
376
397
449
216
600
668
524
115
28
100
232
849
64
394
950
881
859
958
624
193
767
775
172
3
860
853
64
883
834
488
644
716
149
47
295
488
749
495
52
361
209
394
745
13
645
568
261
698
239
184
43
15
719
443
387
832
635
608
657
353
779
597
0
779
595
842
653
556
910
649
445
646
852
768
580
822
269
391
294
437
526
310
488
638
998
436
920
495
109
404
58
23
274
496
191
550
565
580
869
406
470
290
302
411
565
183
780
114
455
62
721
270
838
211
445
501
6
741
260
637
658
780
950
686
353
715
278
900
444
213
572
931
848
233
6
506
489
756
667
633
757
436
992
771
824
917
683
949
178
3
680
312
190
431
296
36
85
435
105
110
145
851
670
928
493
952
719
187
299
760
846
29
756
25
342
922
665
615
252
235
979
524
234
978
141
209
341
679
567
497
294
863
115
759
353
104
887
575
385
117
197
625
201
859
66
996
784
113
72
650
481
516
906
258
756
500
482
120
611
123
929
396
251
253
332
358
94
69
542
887
730
362
919
937
900
584
333
174
115
138
288
521
983
857
488
820
862
149
713
330
914
784
333
285
161
776
303
227
644
340
2
329
259
397
730
437
391
574
234
39
911
198
87
884
652
227
283
479
950
603
867
157
338
984
969
972
994
336
69
100
38
342
842
999
262
103
429
24
403
104
475
726
530
899
775
552
662
504
882
160
198
945
506
79
253
952
63
921
497
245
201
866
590
403
669
649
807
767
345
751
946
355
796
29
111
256
189
492
468
471
907
445
565
666
726
728
310
821
867
253
200
218
801
573
897
760
118
691
745
82
337
831
313
415
968
398
576
688
695
829
809
816
11
572
793
662
151
892
442
634
669
746
415
378
502
424
838
555
860
189
706
147
797
629
76
279
792
936
627
22
195
845
701
136
879
435
404
235
939
517
862
336
785
833
234
255
469
778
570
837
594
868
105
467
648
668
89
845
100
406
745
488
117
977
445
931
225
586
701
94
778
704
65
780
564
602
531
783
399
149
534
561
52
105
134
956
342
630
488
921
757
224
197
726
423
819
622
611
797
230
769
354
887
711
827
728
385
801
961
305
518
210
451
587
995
934
770
930
867
348
690
219
657
467
27
781
607
119
93
489
373
231
474
536
18
951
205
844
659
832
960
567
586
789
325
684
218
49
768
115
737
815
393
358
728
862
62
102
693
785
3
785
761
108
463
568
452
994
539
700
829
752
746
725
891
869
438
524
546
795
668
640
0
179
575
863
927
798
911
548
236
877
774
627
804
36
165
784
2
568
448
774
367
276
318
338
256
591
357
688
834
176
787
43
236
745
498
166
243
316
963
382
323
616
114
46
372
848
789
923
14
553
833
452
779
775
455
373
31
253
928
661
970
853
226
267
554
972
703
604
697
116
389
274
571
375
10
984
369
31
327
131
361
990
877
24
600
277
720
202
102
305
277
836
874
141
867
661
596
480
14
421
340
552
140
299
130
686
729
284
729
730
550
962
453
73
43
686
397
464
453
605
882
358
816
512
494
13
373
980
535
39
534
767
254
637
949
939
681
236
821
699
417
745
12
373
226
154
75
543
769
676
780
768
318
178
232
893
812
98
188
387
73
581
648
699
554
38
332
84
434
868
117
886
430
534
48
731
151
740
1
603
346
909
605
281
887
685
498
90
840
680
536
450
447
190
25
179
385
79
584
27
133
582
729
411
797
208
773
806
228
495
128
783
787
816
615
142
598
958
867
122
623
701
426
144
422
108
611
76
923
740
781
471
52
534
51
742
577
537
85
775
989
239
43
904
787
703
276
756
989
230
873
910
235
758
643
847
297
734
636
166
377
658
782
520
997
37
756
258
860
948
663
222
497
948
618
695
67
537
839
933
134
893
330
286
782
105
759
349
900
622
611
130
984
126
226
691
304
558
802
240
768
521
966
138
347
756
3
790
382
938
332
889
632
492
335
985
402
651
122
841
591
483
326
554
17
91
533
901
841
723
424
879
454
994
235
919
665
949
630
731
519
182
567
247
619
731
266
649
263
964
865
923
262
184
856
934
775
161
907
477
6
313
141
269
103
763
492
367
107
975
214
963
295
204
137
37
760
468
782
828
566
264
900
601
335
747
555
670
592
595
329
151
732
265
753
412
930
877
541
690
862
434
748
841
557
593
416
693
249
720
823
976
541
431
921
286
764
354
57
67
832
312
565
62
479
672
340
217
182
44
967
505
649
84
510
623
186
595
558
57
814
657
610
454
452
0
405
798
34
338
280
339
890
887
160
753
240
784
265
497
137
626
135
831
719
838
56
476
93
112
500
377
714
609
646
529
591
162
606
359
161
192
421
604
193
548
441
177
540
8
171
973
105
642
192
97
854
767
225
472
219
701
958
306
739
57
715
375
284
765
564
600
694
564
961
888
198
182
515
690
433
905
983
272
425
769
68
136
367
96
138
589
537
579
434
906
210
644
883
72
887
311
98
560
711
259
659
121
394
333
273
56
507
194
905
926
470
337
472
189
102
209
194
711
54
615
205
643
979
166
495
606
787
961
807
680
822
238
557
142
302
199
385
444
879
749
426
376
643
336
894
901
436
645
77
630
804
338
333
389
429
576
179
869
404
532
73
809
168
616
978
695
474
636
303
431
198
602
313
965
377
409
607
325
276
97
750
41
854
929
661
424
476
982
844
660
186
495
59
205
423
668
527
429
491
154
260
998
646
940
617
946
140
857
665
920
59
419
459
550
304
229
814
433
565
650
681
684
616
979
710
528
789
823
88
901
968
922
271
534
933
107
668
478
427
636
902
550
755
616
728
664
282
733
194
507
674
3
161
552
205
769
750
846
3
667
830
574
550
764
131
833
303
602
77
623
767
360
934
488
865
854
366
800
950
595
990
145
311
617
36
780
498
306
686
635
329
941
199
816
913
159
417
97
530
81
739
353
719
298
159
410
420
452
460
279
499
621
168
249
516
226
341
794
69
688
806
774
567
544
924
903
767
245
487
933
919
356
828
545
873
375
754
400
985
886
382
331
154
277
478
132
860
722
391
921
524
669
179
550
45
531
18
16
849
814
481
354
306
397
800
981
852
173
680
949
653
790
782
90
168
683
449
508
445
151
781
400
502
658
656
657
623
111
770
243
929
315
319
780
60
327
391
350
308
931
678
952
50
951
593
596
827
617
392
502
906
715
391
371
670
721
867
194
692
652
755
577
810
853
703
36
81
428
621
248
926
543
269
712
334
315
27
796
450
512
401
642
406
775
378
884
729
580
227
667
174
677
825
919
324
190
117
355
797
137
788
177
421
558
758
937
192
983
581
544
383
458
348
863
642
844
183
893
410
616
928
987
525
865
118
75
334
743
825
376
172
47
473
544
541
184
228
743
844
213
30
599
8
200
890
507
841
595
527
260
475
861
947
472
729
53
50
758
737
586
872
143
697
909
540
664
62
285
546
651
41
419
431
627
734
140
461
321
761
856
413
751
718
9
39
847
301
231
318
587
459
450
85
106
398
628
130
758
796
378
360
589
64
170
123
201
3
337
281
461
693
611
125
41
964
405
743
243
291
550
902
87
458
722
72
124
829
267
668
951
581
641
97
890
727
194
726
797
290
506
346
485
458
1
229
709
69
54
378
196
276
311
62
689
722
443
224
459
77
43
860
278
290
903
967
293
375
372
142
801
99
16
439
361
407
321
570
241
921
615
44
650
368
978
341
730
272
313
710
781
761
332
694
676
827
655
962
946
882
743
552
504
965
897
119
461
424
24
276
30
438
405
623
953
206
165
560
456
159
687
483
167
29
665
438
992
124
39
853
402
657
503
420
102
457
830
730
565
925
721
757
374
570
396
777
862
964
647
825
15
466
576
275
98
561
730
640
978
149
857
194
617
637
2
491
699
171
155
395
858
855
176
701
478
299
217
951
538
346
354
521
465
308
649
601
463
570
368
133
291
898
565
320
958
292
749
791
305
738
868
18
931
691
311
82
453
637
153
370
550
586
370
315
768
829
229
757
556
798
581
27
495
398
276
346
196
622
407
627
835
820
622
288
782
442
204
151
316
627
144
41
871
452
937
154
792
205
296
819
78
519
525
717
61
709
760
170
509
160
796
589
110
106
725
670
815
648
88
443
992
345
789
751
883
240
455
268
314
646
487
646
137
540
510
877
366
923
441
471
479
969
893
545
861
323
140
414
841
379
355
772
309
896
341
69
372
780
477
167
14
389
95
878
246
196
7
462
692
159
403
707
98
643
830
648
720
223
490
550
75
239
551
236
5
419
709
346
531
432
713
644
480
705
68
933
325
355
640
711
230
573
382
121
760
307
896
329
229
593
51
889
142
360
378
211
720
82
460
714
960
87
32
771
206
896
12
16
699
417
190
140
73
347
774
734
270
620
536
302
835
250
756
24
69
408
697
356
5
84
817
85
665
167
456
902
593
293
189
109
101
312
593
550
225
698
628
349
835
769
351
563
890
42
196
328
293
578
521
613
313
658
658
154
57
627
164
672
945
263
515
975
669
502
945
21
592
873
652
552
70
474
99
386
656
849
615
956
654
598
24
202
6
65
518
395
954
951
493
0
477
198
566
162
948
979
493
916
990
148
208
708
998
985
694
329
296
582
917
845
401
727
533
626
351
600
588
66
581
157
934
82
307
527
571
995
889
269
645
877
138
835
316
965
44
84
205
232
884
183
659
712
188
753
531
669
522
586
716
203
568
791
135
398
460
706
416
584
849
425
963
830
664
273
652
251
44
85
860
214
398
626
56
57
74
999
660
396
598
381
404
627
952
932
901
708
868
225
645
816
591
36
165
980
100
834
546
276
236
832
40
676
722
914
979
158
527
316
716
153
566
372
814
938
177
191
193
55
368
605
456
364
285
218
125
815
885
922
988
530
268
700
285
300
646
85
954
77
419
88
651
569
318
977
762
517
91
709
127
760
704
395
705
678
507
621
876
102
366
970
621
286
191
598
289
50
869
204
167
658
29
230
576
552
652
647
718
527
951
158
977
429
526
180
903
993
240
426
603
891
793
444
746
598
465
963
904
172
992
371
455
523
43
188
755
292
274
862
814
912
418
743
172
947
391
574
217
322
871
343
652
513
324
841
320
300
955
764
138
190
527
715
315
78
552
939
610
262
794
135
832
397
560
198
297
480
761
221
473
461
195
617
520
580
25
689
956
8
931
502
154
913
888
397
898
508
54
992
719
212
730
11
215
489
852
790
96
477
6
798
149
988
413
21
865
985
865
548
923
120
71
210
272
429
397
609
14
782
454
386
816
178
505
63
60
477
174
316
465
667
400
14
384
259
133
861
499
903
720
7
147
813
459
450
969
107
283
574
127
648
60
692
791
475
450
898
120
428
813
106
460
60
124
606
968
415
368
972
390
790
375
690
209
47
585
317
877
600
681
548
357
637
590
14
691
698
799
153
806
194
462
19
291
948
267
345
351
376
537
724
663
382
518
248
347
564
345
436
785
839
630
816
483
59
167
983
719
727
697
498
183
405
221
447
325
904
823
33
639
845
466
16
598
698
745
366
456
886
41
965
638
39
79
695
936
7
320
766
234
719
190
632
975
476
595
312
85
783
690
502
593
304
388
277
634
39
557
761
87
316
383
593
538
693
880
533
807
355
984
59
752
114
235
286
559
599
496
69
251
719
677
617
630
17
942
469
364
983
362
178
446
939
486
537
741
578
793
711
842
758
500
87
944
636
692
222
970
750
243
702
658
130
495
273
825
31
170
86
537
394
474
395
395
621
870
550
662
752
483
638
442
652
616
611
637
285
328
235
900
687
559
727
299
714
764
395
908
172
526
152
59
415
115
222
456
9
463
913
872
553
524
758
666
254
488
919
817
346
817
150
697
946
575
193
321
449
8
943
265
48
865
221
994
470
410
501
802
531
599
439
95
600
392
544
229
564
673
834
623
384
739
822
363
846
828
678
29
597
659
905
939
49
452
381
558
265
393
101
265
397
18
472
215
796
472
500
502
362
140
706
352
245
581
139
559
489
261
292
883
699
54
301
629
346
955
250
127
787
3
927
335
599
865
890
271
322
56
161
511
208
262
421
457
58
733
20
601
755
224
677
501
578
438
183
690
890
451
976
233
305
85
913
155
908
695
98
457
643
341
97
940
446
816
391
547
231
495
415
461
308
472
5
656
338
961
634
134
415
423
240
561
368
391
24
525
878
464
34
125
502
428
903
128
199
989
565
387
454
72
304
768
591
167
980
277
365
679
767
628
434
757
254
957
807
579
257
903
844
539
169
783
926
329
211
72
371
372
418
900
699
575
701
807
831
877
837
450
325
554
728
497
245
750
761
419
734
214
641
401
921
691
503
94
222
959
682
423
651
962
960
162
219
21
649
519
32
577
343
417
168
456
693
720
922
102
35
103
542
765
234
788
7
96
568
879
980
139
6
490
504
165
730
409
547
333
223
501
985
647
795
576
121
159
870
935
326
920
881
322
906
609
128
491
780
339
427
113
68
599
909
237
180
789
799
30
498
342
529
8
256
873
22
481
695
346
499
433
94
718
636
544
781
29
443
591
700
410
674
930
639
972
143
286
708
53
769
572
169
784
704
948
198
450
384
844
682
604
848
164
648
415
168
395
406
215
334
826
9
705
436
618
124
800
496
913
901
578
775
739
938
301
918
889
941
976
773
531
155
426
221
733
190
338
876
654
297
262
984
591
727
26
370
622
237
529
785
52
350
393
481
388
464
441
371
52
398
457
611
565
469
212
950
402
702
217
691
260
254
172
609
935
659
583
663
543
972
512
857
292
429
934
82
536
687
660
292
317
263
305
851
125
259
271
398
87
950
193
74
305
360
852
456
566
389
990
35
140
607
10
592
879
294
43
307
354
827
318
946
218
12
339
980
549
441
812
961
364
478
809
18
40
974
118
802
847
284
268
737
325
699
188
902
716
880
967
413
170
389
683
626
946
902
781
13
326
213
957
65
462
614
17
47
871
742
688
958
797
490
845
550
169
85
119
728
360
906
360
191
468
156
928
656
348
969
264
498
106
56
730
169
269
466
173
216
359
586
191
264
91
936
555
789
899
886
779
44
26
869
283
962
888
192
134
393
930
34
823
514
694
728
61
761
325
924
42
114
224
714
158
91
61
332
637
297
896
503
54
855
586
51
202
578
228
845
285
224
849
696
903
671
48
273
790
362
832
657
792
856
339
612
30
843
696
168
739
451
701
619
735
196
565
511
990
421
440
743
276
568
923
338
352
110
288
13
660
522
643
118
0
93
737
48
151
954
640
718
911
157
6
196
518
134
148
94
926
409
633
793
903
875
624
121
425
505
686
552
320
825
270
540
647
4
604
73
774
890
193
33
614
853
665
481
7
768
175
422
695
985
73
187
873
626
80
990
786
58
670
776
328
886
882
938
123
303
284
16
56
147
311
950
712
509
685
998
712
228
140
900
389
128
180
395
796
333
77
671
502
505
828
851
146
348
301
106
222
230
276
490
61
254
609
84
477
626
229
556
48
674
196
716
505
346
534
171
189
541
56
670
47
112
901
226
143
888
9
623
145
561
238
389
761
769
355
832
585
235
617
243
337
299
152
835
949
680
868
548
476
824
113
274
302
677
787
630
593
215
141
846
499
602
979
886
31
284
475
373
121
901
327
428
807
325
471
8
29
699
73
842
988
789
3
554
553
529
540
72
680
68
491
914
297
188
471
438
655
420
551
666
574
716
989
764
594
9
276
764
463
506
194
649
959
72
136
359
495
527
372
846
489
216
507
748
960
687
836
781
321
830
820
453
841
308
394
182
737
634
342
415
373
735
436
846
532
343
578
320
226
64
649
524
15
461
294
51
313
999
357
934
626
199
177
255
225
833
487
896
184
520
104
53
289
551
157
593
757
302
50
852
252
62
894
961
159
636
615
304
588
555
470
197
71
242
173
377
433
979
367
401
788
13
651
551
145
649
873
330
587
679
933
147
484
974
787
291
726
605
887
774
423
316
768
151
64
707
13
902
582
967
294
473
309
494
728
565
284
257
255
778
884
237
260
181
242
786
164
931
429
263
183
504
864
774
3
657
920
370
563
697
192
545
681
169
412
373
738
531
453
134
131
939
415
770
724
711
248
14
16
580
887
537
234
323
362
954
79
858
857
42
339
409
190
997
98
828
669
93
740
667
805
569
485
99
854
103
670
275
635
706
492
217
626
384
427
838
773
412
59
180
5
563
519
467
912
136
272
70
559
127
447
972
903
384
458
822
780
92
104
191
938
441
896
102
76
794
804
439
360
233
161
327
394
804
934
79
95
306
84
796
466
980
231
224
711
930
346
954
680
625
685
560
101
328
689
777
575
786
64
296
795
37
760
288
965
670
72
238
888
383
574
189
681
187
119
987
603
91
602
623
946
620
728
264
474
9
488
66
368
413
563
362
152
972
388
331
563
94
77
715
841
775
937
711
401
316
793
601
358
282
835
239
876
27
207
966
811
657
65
71
604
756
311
369
913
718
731
4
940
41
750
64
915
418
524
108
729
966
595
192
161
449
811
490
676
827
750
108
275
976
351
179
339
931
977
832
968
488
633
139
753
510
547
620
474
783
843
407
675
764
519
664
604
69
452
349
457
33
643
918
433
200
431
57
537
82
885
47
611
24
94
848
567
527
582
498
288
870
557
913
155
374
218
703
684
152
834
69
235
688
825
401
261
96
547
652
66
385
14
90
542
600
269
525
853
152
624
596
537
212
487
217
990
486
999
777
805
235
193
183
935
868
895
346
139
961
98
194
702
50
2
819
869
22
471
843
987
476
98
592
803
871
609
187
909
825
829
134
779
392
918
507
385
678
107
321
853
625
636
193
125
313
141
875
106
626
169
758
251
620
87
945
76
442
55
975
546
144
326
805
821
223
557
136
324
257
369
676
597
448
875
441
924
447
379
677
171
281
987
509
836
737
327
898
753
52
115
14
442
230
770
602
554
864
812
449
391
772
249
544
970
321
680
11
592
752
323
428
392
385
706
612
836
13
215
472
636
356
233
17
45
900
92
115
8
977
542
105
137
424
969
837
978
666
74
257
530
561
233
110
500
869
264
868
254
662
799
470
935
543
11
978
707
1
883
720
617
760
763
43
16
444
407
250
33
437
237
816
43
238
28
489
633
194
753
357
997
931
787
478
263
332
205
175
687
415
388
571
223
939
646
486
390
95
99
257
952
120
505
602
345
179
282
109
336
355
425
441
880
99
542
861
642
975
732
163
153
52
509
605
74
774
520
935
524
669
235
115
960
731
369
815
554
809
223
298
561
874
684
764
623
474
84
766
499
253
659
783
175
853
806
539
824
53
867
176
594
493
663
862
688
817
478
934
696
587
740
164
664
807
93
250
852
397
87
123
669
480
213
153
732
793
491
871
533
99
330
272
679
922
886
318
173
458
636
719
702
2
375
596
408
740
370
106
101
241
883
640
392
499
778
676
709
875
437
883
668
763
704
571
765
343
65
81
857
263
805
212
410
574
327
265
964
793
391
817
809
407
461
808
313
688
892
33
896
137
171
635
102
428
942
699
744
176
16
535
590
373
100
736
563
854
450
622
908
613
186
153
321
332
465
901
485
952
249
188
990
644
875
969
113
11
153
567
414
870
211
842
628
462
795
895
812
426
257
902
221
382
943
163
890
479
196
970
367
729
702
385
595
496
389
510
387
956
603
364
482
907
778
946
633
734
319
575
712
902
915
118
292
810
4
177
672
346
609
852
823
991
257
152
220
821
209
662
16
241
714
562
558
799
504
572
672
923
259
943
728
929
248
66
916
142
871
809
732
461
319
162
126
236
79
294
280
781
488
612
497
375
62
913
158
89
828
227
220
295
356
446
227
183
737
323
293
150
198
950
41
383
594
297
953
497
488
902
99
569
33
328
735
397
383
451
708
353
848
199
158
649
508
813
485
372
518
247
31
141
798
777
476
703
360
435
386
338
960
345
904
406
310
558
39
879
567
492
536
197
318
557
773
312
770
56
682
235
383
977
143
951
640
744
819
43
199
537
917
853
127
273
829
549
438
831
127
922
660
632
878
259
648
151
756
147
353
466
908
542
781
434
49
949
848
588
759
55
349
344
441
667
779
620
916
283
196
461
120
160
866
748
878
206
904
612
209
542
623
615
155
94
819
321
575
32
703
329
893
425
704
377
262
937
861
599
111
925
16
538
549
759
543
0
583
739
808
355
637
422
103
359
325
725
257
120
953
632
643
265
721
867
815
939
87
353
473
704
268
823
988
937
348
414
206
828
948
590
739
572
951
241
474
833
222
298
512
95
821
711
261
977
652
129
888
117
31
132
873
713
147
357
859
312
859
351
529
953
835
520
732
239
469
982
570
453
560
708
660
292
224
760
306
327
999
988
786
775
617
27
476
682
412
938
29
101
830
331
337
377
11
323
479
113
917
163
384
918
958
883
430
539
614
805
686
459
984
254
30
562
772
318
850
949
637
8
557
520
414
643
616
386
150
824
326
731
424
831
64
206
941
780
208
443
846
401
462
798
733
767
793
904
828
820
724
136
298
41
159
568
173
107
505
543
830
880
277
413
527
565
914
578
941
387
38
393
185
634
852
48
279
400
909
13
527
877
978
142
782
541
204
26
73
77
302
696
539
378
992
259
170
475
395
577
294
726
619
561
301
123
231
198
562
55
865
879
14
363
653
151
378
43
721
455
485
435
460
971
669
237
787
151
702
203
124
24
245
847
305
899
268
17
131
515
426
667
806
274
842
688
942
625
284
116
392
196
191
596
587
779
517
406
635
750
878
921
875
25
944
834
107
138
570
995
239
548
623
201
531
752
969
788
198
311
603
358
556
375
374
507
448
809
290
867
164
503
861
332
575
964
447
800
695
795
95
270
397
130
812
655
498
648
762
132
928
233
344
398
210
896
626
644
966
33
98
632
660
633
218
673
312
509
718
891
392
163
137
585
607
371
556
55
820
77
990
723
795
700
424
896
7
444
946
17
219
703
959
745
63
147
924
709
328
607
624
283
177
322
398
213
23
666
326
462
266
936
831
92
621
299
663
546
253
489
737
165
440
353
796
281
971
834
360
739
19
488
942
184
688
127
984
961
959
688
499
966
261
905
870
302
380
901
791
71
914
278
810
159
19
799
438
346
637
262
312
590
942
662
352
833
217
220
410
164
882
394
358
689
889
442
96
947
206
658
443
225
611
842
380
601
505
136
623
77
972
782
973
623
806
921
442
501
713
20
594
692
417
20
91
783
885
790
905
153
387
0
158
793
621
992
72
626
598
743
992
644
541
525
943
730
479
337
706
488
782
730
862
942
346
85
795
435
645
969
100
578
370
642
383
595
876
320
913
897
159
279
93
246
567
404
228
332
983
266
544
127
685
333
948
845
606
389
471
858
220
784
890
409
753
579
473
476
967
200
340
611
203
683
383
114
929
113
238
384
499
343
263
784
339
592
988
864
290
12
27
299
315
819
889
366
297
87
687
318
140
788
193
495
902
178
221
511
162
128
794
372
361
484
75
852
318
54
529
990
647
316
277
38
295
440
119
700
914
724
190
32
297
19
721
808
582
265
876
731
456
705
118
310
62
888
99
758
854
46
521
749
85
945
942
382
177
795
7
193
674
327
54
558
995
611
578
339
730
729
520
98
659
882
841
747
250
33
360
961
831
675
320
195
165
822
648
673
639
812
387
157
803
17
258
871
450
63
824
409
984
635
234
968
275
478
1
763
729
681
791
948
794
832
691
916
605
155
929
283
12
200
500
438
685
195
686
976
533
654
925
872
142
329
4
730
463
94
40
965
461
872
227
241
941
187
803
28
281
430
223
614
283
450
990
411
858
543
129
908
770
447
754
109
156
439
721
802
41
110
808
498
562
930
413
391
126
191
232
182
223
416
876
101
97
836
912
983
17
25
284
734
345
284
591
37
136
875
185
634
480
690
560
32
304
459
0
981
863
78
961
558
619
161
140
210
755
410
723
592
13
885
754
553
97
788
121
101
346
825
101
706
908
779
958
771
119
346
544
624
318
862
377
867
812
997
173
437
214
6
288
208
855
651
49
494
523
364
435
278
210
762
79
532
112
100
71
452
591
755
507
966
315
340
275
352
303
536
38
310
85
242
879
332
705
129
585
719
774
199
30
78
303
438
637
655
531
161
373
339
462
136
258
684
334
87
857
788
746
671
707
389
639
513
174
996
884
407
683
419
659
260
812
539
361
888
198
650
264
251
743
232
631
217
73
484
513
462
729
480
954
576
56
265
802
0
255
762
869
857
572
818
642
296
90
233
275
426
93
124
64
436
470
458
151
10
132
107
644
604
905
264
896
708
868
558
154
660
613
725
291
128
387
170
845
838
582
262
89
649
557
713
341
570
246
877
235
806
524
323
175
435
804
509
697
804
832
923
935
236
145
511
940
154
167
762
44
196
408
260
9
434
733
86
161
281
171
882
247
177
243
932
212
656
253
114
637
881
544
43
38
250
152
278
760
147
861
910
672
462
100
391
391
941
669
944
247
985
750
394
713
979
188
769
517
749
484
508
154
240
505
634
14
4
344
712
853
603
321
963
820
512
592
352
753
609
320
18
977
874
896
868
311
346
165
696
507
980
135
654
841
461
124
443
69
584
835
34
477
299
307
300
233
998
225
369
765
161
547
70
386
924
925
289
877
696
889
609
256
395
250
45
448
406
714
248
67
856
146
995
45
290
485
333
313
359
748
202
256
598
118
893
165
891
563
173
402
726
977
434
495
819
282
705
881
219
496
858
527
466
206
876
128
916
426
503
119
812
314
140
210
205
706
313
662
315
941
567
36
415
954
130
609
862
86
189
202
324
597
115
624
844
348
490
451
797
610
285
365
355
485
5
766
547
890
186
881
512
594
50
82
25
252
686
642
912
926
584
630
427
50
889
191
199
311
183
898
834
420
181
422
768
225
148
222
471
158
399
481
585
467
734
2
97
209
121
292
141
472
508
540
515
793
84
715
522
243
830
507
209
148
730
317
612
909
452
31
103
901
872
778
414
908
258
411
454
69
487
915
499
801
110
462
856
673
633
341
585
695
837
473
385
989
497
734
231
315
334
801
853
418
553
745
662
674
795
84
199
981
866
523
721
393
71
84
1
441
504
869
942
627
144
148
109
49
80
12
747
628
739
298
412
914
425
10
774
926
51
950
720
2
374
782
321
138
601
250
779
755
692
756
928
403
219
38
405
335
111
146
67
440
143
444
750
500
499
859
974
231
258
94
681
96
155
18
595
330
445
958
302
179
226
115
657
795
63
809
582
764
249
790
876
750
557
316
120
193
819
233
270
566
185
759
33
129
386
209
618
670
875
365
965
184
165
715
29
979
208
279
227
159
186
251
641
960
519
149
56
916
461
728
449
309
127
342
2
879
274
993
250
265
699
784
441
146
599
982
720
541
718
426
211
246
647
494
612
881
100
333
374
501
531
599
80
249
916
398
101
25
58
663
130
629
251
683
687
349
650
997
191
469
187
382
685
661
385
140
818
731
903
415
170
682
165
756
514
577
909
638
121
157
9
167
678
682
401
686
940
981
472
499
683
160
741
435
82
945
187
465
72
130
62
97
821
101
533
765
882
894
0
929
134
767
429
110
97
749
548
574
717
139
249
882
218
417
36
32
114
544
870
404
964
110
241
239
986
309
835
847
97
206
610
293
496
256
649
755
370
562
621
286
818
823
196
197
599
448
262
772
776
812
281
546
870
104
636
856
606
759
301
883
854
923
693
911
842
930
34
18
260
260
82
914
325
941
560
149
412
869
136
414
346
8
302
137
944
955
975
120
903
813
195
406
626
864
734
118
87
2
980
474
314
388
925
708
599
309
619
103
22
700
911
871
380
298
842
78
122
910
516
358
378
737
810
608
672
254
750
406
431
591
912
353
858
897
674
74
283
646
683
78
576
368
368
214
716
755
843
929
123
624
48
55
815
706
470
336
29
723
289
422
353
722
289
541
2
143
383
574
303
579
92
749
2
709
820
668
476
355
280
903
444
156
894
851
281
799
533
95
516
308
429
973
613
326
599
582
633
890
640
928
863
641
218
447
12
961
113
618
59
985
157
872
366
973
904
543
121
2
385
43
733
451
780
18
252
241
364
674
423
308
563
9
452
272
464
162
94
772
620
600
148
434
509
363
949
948
464
83
962
209
446
997
62
4
483
674
595
211
133
672
824
973
800
848
837
816
264
536
523
192
251
310
707
400
404
559
38
361
487
582
715
216
164
430
665
220
212
214
244
886
491
88
69
866
533
634
67
525
84
872
351
682
442
601
981
486
940
300
255
895
420
303
569
730
23
470
488
762
170
69
87
823
51
89
171
378
473
709
475
558
421
125
412
106
163
478
496
201
247
81
5
644
239
669
995
360
533
902
255
699
92
823
288
483
458
500
928
301
862
573
671
979
802
908
323
736
915
106
59
962
486
54
475
104
454
257
747
626
238
167
473
503
245
218
297
237
389
801
915
837
475
882
549
757
788
492
482
248
730
806
759
90
849
29
632
180
104
803
858
949
714
362
429
57
426
153
842
359
552
128
492
593
617
448
284
771
969
800
66
727
172
53
965
813
559
469
225
183
761
195
643
660
567
242
193
646
964
682
935
30
685
274
796
583
126
241
331
802
966
416
35
663
334
480
329
266
871
496
784
827
526
481
699
996
434
216
615
965
719
16
866
338
559
688
750
226
368
384
427
539
433
578
131
952
842
875
783
491
70
886
620
238
33
864
903
98
984
351
327
112
83
522
210
277
976
475
55
348
244
159
592
580
53
178
875
896
854
185
542
433
475
73
826
942
447
703
415
14
917
368
742
593
978
723
819
748
768
397
193
181
183
3
123
424
543
769
570
204
58
509
98
946
433
146
276
877
464
513
674
701
964
646
53
319
858
298
830
556
799
871
430
365
147
509
603
480
650
557
303
991
673
107
230
790
323
852
624
382
311
965
403
18
887
221
235
610
707
84
659
415
964
972
812
942
630
427
893
63
151
404
938
779
449
390
994
630
558
592
308
207
747
888
603
734
481
784
47
189
44
71
4
942
191
429
164
365
654
664
137
393
856
831
123
494
670
931
728
39
578
425
543
505
62
266
558
521
569
681
25
187
914
409
846
664
436
629
95
491
777
281
759
595
605
12
286
471
147
454
54
494
858
65
330
837
76
240
835
960
9
917
488
140
897
401
443
11
689
614
995
583
83
497
464
705
270
780
637
450
226
843
871
381
902
884
448
169
142
105
279
537
688
151
537
993
103
509
338
322
971
85
34
310
192
687
241
659
754
622
167
576
782
136
362
989
246
908
459
873
144
314
18
643
524
700
54
94
174
349
354
840
331
395
165
749
253
381
357
305
992
683
648
403
223
529
991
517
457
820
705
729
496
478
460
579
468
536
701
198
282
695
595
716
854
557
119
382
945
268
361
394
949
764
634
888
486
372
503
67
133
961
309
923
144
361
297
548
500
287
922
469
130
475
446
5
654
239
412
96
481
190
86
583
622
320
459
398
41
174
923
648
904
326
178
45
566
884
499
661
633
240
943
473
954
776
575
671
874
763
340
188
604
147
642
437
39
466
240
703
889
598
560
178
431
567
996
94
770
127
320
936
911
334
770
186
521
840
929
582
693
110
979
358
587
295
423
427
260
970
873
981
561
464
1
476
407
993
232
474
296
322
292
297
409
167
191
987
128
65
738
513
318
918
187
712
236
947
103
928
374
258
37
815
122
748
117
273
553
568
135
994
215
860
232
573
233
993
775
664
603
4
511
146
988
478
604
765
888
571
639
225
504
412
192
196
164
583
59
202
626
912
734
872
129
288
236
500
521
722
873
410
307
370
42
69
973
739
651
436
410
792
267
506
803
170
579
519
815
259
259
805
411
304
841
730
172
309
681
721
440
920
616
824
131
29
402
775
574
308
529
51
202
390
506
867
456
926
219
588
731
219
431
527
725
677
48
597
9
782
227
785
191
809
918
912
499
3
947
665
125
444
221
342
195
304
156
309
677
730
917
610
101
65
569
723
416
619
729
909
835
722
813
145
6
268
471
86
363
474
311
44
990
67
492
448
849
626
296
741
713
290
257
202
643
556
950
652
365
378
40
508
378
301
661
164
146
832
751
163
208
775
411
126
563
749
888
913
159
606
290
976
843
969
605
384
609
604
132
480
482
854
915
640
897
847
274
108
906
692
16
368
52
399
445
30
271
721
735
688
647
651
780
735
376
785
108
583
780
279
952
278
708
607
74
960
181
843
435
151
610
696
303
333
442
995
893
780
572
871
142
131
370
322
692
645
653
414
695
634
470
809
531
26
19
851
14
529
552
931
210
374
615
347
430
93
456
367
516
309
956
739
998
5
914
338
230
239
45
189
75
776
524
575
269
607
418
456
16
812
861
907
945
761
307
804
999
91
705
475
354
453
941
526
974
479
396
574
882
955
955
97
740
656
316
117
850
812
940
951
141
683
492
724
269
206
107
885
390
178
330
437
730
956
80
86
521
129
467
61
416
140
819
782
962
326
754
129
236
339
654
518
231
421
361
490
89
507
463
62
768
609
4
525
250
470
956
932
873
938
307
986
882
46
100
545
793
245
277
463
673
790
658
996
911
711
912
472
596
368
857
463
75
45
930
169
798
549
183
230
45
294
627
693
611
829
297
342
70
278
853
127
687
676
81
882
585
644
124
91
262
401
801
873
37
555
844
955
542
657
405
805
831
992
670
680
214
554
937
788
407
696
984
283
85
411
84
328
440
719
504
924
839
124
839
734
161
612
12
625
929
163
299
137
808
233
210
606
586
192
580
150
202
177
701
253
955
319
859
143
443
840
93
707
361
960
546
142
735
99
232
76
688
341
574
362
336
623
554
280
899
620
816
355
634
803
568
512
669
626
630
790
343
316
462
328
143
238
529
852
827
301
832
364
830
374
967
274
553
176
536
673
612
620
266
985
662
67
679
694
876
469
651
390
669
864
713
836
782
194
424
273
288
912
673
699
648
349
250
320
380
313
526
909
459
882
585
277
27
862
660
586
509
886
209
722
734
608
480
433
155
972
900
472
750
31
145
448
713
259
224
607
518
858
423
269
461
0
456
125
252
493
667
135
781
827
620
217
630
75
927
477
422
620
657
170
625
163
172
134
880
6
722
896
452
45
657
189
915
478
595
81
639
668
390
441
189
143
233
966
230
202
750
485
22
92
427
748
108
221
208
436
284
394
607
604
445
510
189
265
404
722
749
351
274
501
47
761
507
595
427
715
190
331
177
128
677
249
972
238
174
523
237
191
343
138
775
806
543
300
512
245
789
47
696
798
22
515
390
511
794
847
613
865
945
208
966
233
390
860
86
334
579
793
776
390
754
855
153
232
573
865
652
35
213
674
245
941
531
636
700
259
387
473
234
475
714
987
407
786
445
596
593
381
862
161
873
182
496
71
697
267
143
63
163
697
102
728
237
956
230
198
790
733
906
950
762
260
495
230
321
926
406
40
350
384
341
165
105
870
831
218
398
956
643
156
131
451
160
244
543
675
327
941
5
814
254
663
703
590
69
903
61
950
120
675
244
3
117
747
585
916
299
632
276
997
243
814
175
671
375
160
67
585
814
13
221
541
611
903
592
492
995
378
509
311
716
896
194
554
71
257
952
937
724
559
381
745
894
113
444
888
15
322
743
832
463
963
845
111
442
866
997
651
618
435
81
618
601
999
150
9
866
451
379
705
211
148
797
211
331
536
619
789
630
481
537
215
828
753
815
873
492
657
515
405
61
259
723
636
466
191
93
996
947
490
571
151
143
455
638
64
68
971
910
218
51
296
445
191
243
747
600
335
787
284
777
750
228
441
912
288
282
582
35
802
538
943
762
359
189
443
49
627
400
