10
3
335
33
355
217
536
195
700
949
274
444
108
698
564
41
165
815
685
764
827
959
219
426
952
839
923
810
451
604
661
599
549
720
113
406
121
671
474
491
564
344
868
264
179
423
694
163
538
645
623
3
787
268
461
386
376
581
603
279
170
805
294
333
408
240
413
54
494
983
1
409
69
73
254
974
355
404
197
197
211
249
758
889
905
735
461
531
35
130
458
483
596
253
114
701
649
886
875
42
553
510
620
771
253
217
235
335
566
132
614
31
948
212
808
629
715
732
551
571
167
332
869
824
614
953
991
982
737
509
295
718
285
639
492
175
559
383
774
388
650
127
144
336
918
654
648
709
655
661
720
997
421
562
376
983
14
942
452
237
546
494
626
707
583
789
432
3
835
715
986
457
352
939
644
564
698
223
309
898
72
957
612
81
847
727
674
925
493
285
680
309
354
755
977
920
244
410
913
419
338
885
145
145
322
151
624
949
269
100
979
245
216
85
527
877
905
265
614
893
655
83
516
822
847
738
614
547
974
982
64
366
729
97
681
338
115
379
252
504
20
996
1
82
247
542
422
220
459
146
204
415
8
464
455
181
117
420
958
59
383
19
669
570
77
85
178
203
195
266
352
26
745
154
874
20
227
857
910
724
781
870
607
298
970
589
649
573
661
310
587
209
990
64
170
537
856
116
380
188
931
489
404
91
646
349
255
952
128
589
261
789
549
470
144
630
861
650
906
964
383
448
235
30
217
692
664
556
946
988
184
22
597
757
545
58
329
885
956
53
827
327
399
591
846
509
291
781
910
871
691
103
594
405
793
838
395
510
904
694
635
29
644
716
375
808
568
65
809
600
945
780
105
695
907
91
162
80
680
403
251
507
126
521
9
283
307
229
759
153
302
803
615
100
972
561
353
412
921
34
504
862
348
868
653
345
23
30
394
811
101
427
926
843
986
529
753
715
981
82
452
293
922
515
986
593
534
130
524
371
709
666
241
569
444
336
66
961
641
929
843
858
498
67
881
196
706
219
354
867
172
554
523
627
488
241
254
428
853
278
789
518
695
445
252
152
672
485
845
259
311
93
219
909
972
819
970
915
374
465
747
434
398
86
926
888
377
177
329
61
610
140
954
717
295
635
175
573
625
894
399
986
241
607
637
183
782
458
952
379
738
922
273
644
328
400
522
839
625
297
532
477
639
133
732
862
585
281
55
324
53
426
42
920
293
335
617
432
341
42
493
0
198
27
682
256
792
498
79
271
923
358
585
192
932
954
741
881
293
211
343
430
861
223
994
871
987
925
88
937
219
908
165
219
814
996
126
558
773
664
270
12
619
898
619
253
639
584
508
731
807
32
896
447
113
712
382
678
498
807
383
511
142
679
446
511
299
830
166
373
412
464
675
916
716
235
172
240
62
282
462
402
170
135
977
460
25
597
239
214
657
189
242
500
993
253
721
378
26
307
769
52
5
743
781
872
873
472
186
262
664
591
942
913
79
689
257
88
974
865
503
381
954
62
811
778
811
814
280
358
20
989
307
479
5
630
979
797
408
488
11
961
60
333
192
316
891
647
810
480
491
785
22
115
533
199
643
754
791
825
321
18
965
218
559
68
22
533
568
643
292
946
402
509
24
612
362
694
617
742
120
316
261
906
545
380
193
153
697
364
285
32
946
955
201
119
711
767
820
143
753
389
155
292
522
611
486
815
508
161
925
488
75
809
130
60
732
174
391
259
337
79
799
460
166
800
724
596
354
52
322
430
645
50
280
750
938
502
530
607
593
862
138
180
969
700
97
357
147
524
242
633
334
899
997
416
896
213
185
336
487
931
604
649
261
667
610
326
624
947
400
937
486
973
237
897
503
265
317
193
259
490
513
172
868
356
701
490
958
887
893
806
512
945
903
332
526
317
742
810
962
244
494
35
962
703
858
495
785
308
103
240
445
162
631
554
520
513
885
551
81
545
813
255
241
164
607
295
268
105
929
769
739
223
365
409
702
290
295
615
327
166
924
455
990
663
677
240
281
966
683
750
898
942
566
713
890
191
263
634
224
169
81
554
146
243
724
854
294
5
495
677
50
708
404
75
81
145
389
470
547
839
383
520
951
863
428
992
81
159
574
727
37
678
765
296
784
196
439
440
232
149
65
882
280
332
324
618
814
793
162
266
121
789
430
574
686
126
333
683
845
734
400
233
254
831
202
909
659
504
532
523
917
55
265
215
749
968
622
884
191
822
46
432
212
6
427
907
458
578
871
160
615
110
756
92
331
860
272
87
